1
101 8
0 0 0 0 0 0 0 0 
0.626918 0.627 -0.627367 0.671857 0.598918 0.596776 0.629531 0.565306 
1.25384 1.254 -1.25473 1.34371 1.19784 1.19355 1.25906 1.13061 
1.88076 1.881 -1.8821 2.01557 1.79676 1.79033 1.88859 1.69592 
2.50767 2.508 -2.50947 2.68743 2.39567 2.3871 2.51812 2.26122 
3.13459 3.135 -3.13684 3.35929 2.99459 2.98388 3.14765 2.82653 
3.76151 3.762 -3.7642 4.03114 3.59351 3.58065 3.77718 3.39184 
4.38843 4.389 -4.39157 4.703 4.19243 4.17743 4.40671 3.95714 
5.01535 5.016 -5.01894 5.37486 4.79135 4.7742 5.03624 4.52245 
5.64227 5.643 -5.64631 6.04671 5.39027 5.37098 5.66578 5.08776 
6.26918 6.27 -6.27367 6.71857 5.98918 5.96776 6.29531 5.65306 
6.8961 6.897 -6.90104 7.39043 6.5881 6.56453 6.92484 6.21837 
7.52302 7.524 -7.52841 8.06229 7.18702 7.16131 7.55437 6.78367 
8.14994 8.151 -8.15578 8.73414 7.78594 7.75808 8.1839 7.34898 
8.77686 8.778 -8.78314 9.406 8.38486 8.35486 8.81343 7.91429 
9.40378 9.405 -9.41051 10.0779 8.98378 8.95163 9.44296 8.47959 
10.0307 10.032 -10.0379 10.7497 9.58269 9.54841 10.0725 9.0449 
10.6576 10.659 -10.6652 11.4216 10.1816 10.1452 10.702 9.6102 
11.2845 11.286 -11.2926 12.0934 10.7805 10.742 11.3316 10.1755 
11.9114 11.913 -11.92 12.7653 11.3794 11.3387 11.9611 10.7408 
12.5384 12.54 -12.5473 13.4371 11.9784 11.9355 12.5906 11.3061 
13.1653 13.167 -13.1747 14.109 12.5773 12.5323 13.2201 11.8714 
13.7922 13.794 -13.8021 14.7809 13.1762 13.1291 13.8497 12.4367 
14.4191 14.421 -14.4294 15.4527 13.7751 13.7258 14.4792 13.002 
15.046 15.048 -15.0568 16.1246 14.374 14.3226 15.1087 13.5673 
15.673 15.675 -15.6842 16.7964 14.973 14.9194 15.7383 14.1327 
16.2999 16.302 -16.3116 17.4683 15.5719 15.5162 16.3678 14.698 
16.9268 16.929 -16.9389 18.1401 16.1708 16.1129 16.9973 15.2633 
17.5537 17.556 -17.5663 18.812 16.7697 16.7097 17.6269 15.8286 
18.1806 18.183 -18.1937 19.4839 17.3686 17.3065 18.2564 16.3939 
18.8076 18.81 -18.821 20.1557 17.9676 17.9033 18.8859 16.9592 
19.4345 19.437 -19.4484 20.8276 18.5665 18.5 19.5154 17.5245 
20.0614 20.064 -20.0758 21.4994 19.1654 19.0968 20.145 18.0898 
20.6883 20.691 -20.7031 22.1713 19.7643 19.6936 20.7745 18.6551 
21.3152 21.318 -21.3305 22.8431 20.3632 20.2904 21.404 19.2204 
21.9421 21.945 -21.9579 23.515 20.9621 20.8871 22.0336 19.7857 
22.5691 22.572 -22.5852 24.1869 21.5611 21.4839 22.6631 20.351 
23.196 23.199 -23.2126 24.8587 22.16 22.0807 23.2926 20.9163 
23.8229 23.826 -23.84 25.5306 22.7589 22.6775 23.9222 21.4816 
24.4498 24.453 -24.4673 26.2024 23.3578 23.2742 24.5517 22.0469 
25.0767 25.08 -25.0947 26.8743 23.9567 23.871 25.1812 22.6122 
25.7037 25.707 -25.7221 27.5461 24.5557 24.4678 25.8108 23.1776 
26.3306 26.334 -26.3494 28.218 25.1546 25.0646 26.4403 23.7429 
26.9575 26.961 -26.9768 28.8899 25.7535 25.6613 27.0698 24.3082 
27.5844 27.588 -27.6042 29.5617 26.3524 26.2581 27.6993 24.8735 
28.2113 28.215 -28.2315 30.2336 26.9513 26.8549 28.3289 25.4388 
28.8382 28.842 -28.8589 30.9054 27.5502 27.4517 28.9584 26.0041 
29.4652 29.469 -29.4863 31.5773 28.1492 28.0484 29.5879 26.5694 
30.0921 30.096 -30.1136 32.2491 28.7481 28.6452 30.2175 27.1347 
30.719 30.723 -30.741 32.921 29.347 29.242 30.847 27.7 
30.719 30.723 -30.741 32.921 29.347 29.242 30.847 27.7 
30.719 30.723 -30.741 32.921 29.347 29.242 30.847 27.7 
30.719 30.723 -30.741 32.921 29.347 29.242 30.847 27.7 
30.719 30.723 -30.741 32.921 29.347 29.242 30.847 27.7 
30.719 30.723 -30.741 32.921 29.347 29.242 30.847 27.7 
30.719 30.723 -30.741 32.921 29.347 29.242 30.847 27.7 
30.719 30.723 -30.741 32.921 29.347 29.242 30.847 27.7 
30.719 30.723 -30.741 32.921 29.347 29.242 30.847 27.7 
30.719 30.723 -30.741 32.921 29.347 29.242 30.847 27.7 
30.719 30.723 -30.741 32.921 29.347 29.242 30.847 27.7 
30.719 30.723 -30.741 32.921 29.347 29.242 30.847 27.7 
30.719 30.723 -30.741 32.921 29.347 29.242 30.847 27.7 
30.719 30.723 -30.741 32.921 29.347 29.242 30.847 27.7 
30.719 30.723 -30.741 32.921 29.347 29.242 30.847 27.7 
30.719 30.723 -30.741 32.921 29.347 29.242 30.847 27.7 
30.719 30.723 -30.741 32.921 29.347 29.242 30.847 27.7 
30.719 30.723 -30.741 32.921 29.347 29.242 30.847 27.7 
30.719 30.723 -30.741 32.921 29.347 29.242 30.847 27.7 
30.719 30.723 -30.741 32.921 29.347 29.242 30.847 27.7 
30.719 30.723 -30.741 32.921 29.347 29.242 30.847 27.7 
30.719 30.723 -30.741 32.921 29.347 29.242 30.847 27.7 
30.719 30.723 -30.741 32.921 29.347 29.242 30.847 27.7 
30.719 30.723 -30.741 32.921 29.347 29.242 30.847 27.7 
30.719 30.723 -30.741 32.921 29.347 29.242 30.847 27.7 
30.719 30.723 -30.741 32.921 29.347 29.242 30.847 27.7 
30.719 30.723 -30.741 32.921 29.347 29.242 30.847 27.7 
30.719 30.723 -30.741 32.921 29.347 29.242 30.847 27.7 
30.719 30.723 -30.741 32.921 29.347 29.242 30.847 27.7 
30.719 30.723 -30.741 32.921 29.347 29.242 30.847 27.7 
30.719 30.723 -30.741 32.921 29.347 29.242 30.847 27.7 
30.719 30.723 -30.741 32.921 29.347 29.242 30.847 27.7 
30.719 30.723 -30.741 32.921 29.347 29.242 30.847 27.7 
30.719 30.723 -30.741 32.921 29.347 29.242 30.847 27.7 
30.719 30.723 -30.741 32.921 29.347 29.242 30.847 27.7 
30.719 30.723 -30.741 32.921 29.347 29.242 30.847 27.7 
30.719 30.723 -30.741 32.921 29.347 29.242 30.847 27.7 
30.719 30.723 -30.741 32.921 29.347 29.242 30.847 27.7 
30.719 30.723 -30.741 32.921 29.347 29.242 30.847 27.7 
30.719 30.723 -30.741 32.921 29.347 29.242 30.847 27.7 
30.719 30.723 -30.741 32.921 29.347 29.242 30.847 27.7 
30.719 30.723 -30.741 32.921 29.347 29.242 30.847 27.7 
30.719 30.723 -30.741 32.921 29.347 29.242 30.847 27.7 
30.719 30.723 -30.741 32.921 29.347 29.242 30.847 27.7 
30.719 30.723 -30.741 32.921 29.347 29.242 30.847 27.7 
30.719 30.723 -30.741 32.921 29.347 29.242 30.847 27.7 
30.719 30.723 -30.741 32.921 29.347 29.242 30.847 27.7 
30.719 30.723 -30.741 32.921 29.347 29.242 30.847 27.7 
30.719 30.723 -30.741 32.921 29.347 29.242 30.847 27.7 
30.719 30.723 -30.741 32.921 29.347 29.242 30.847 27.7 
30.719 30.723 -30.741 32.921 29.347 29.242 30.847 27.7 
30.719 30.723 -30.741 32.921 29.347 29.242 30.847 27.7 
