101 14
2767.01 2736.99 2674.35 2686.69 2701.81 2679.97 2740 2644.63 2788.72 2005.22 2100.49 1946.59 2993.43 3024.65 
2760.22 2739.5 2673.68 2690.07 2701.25 2679.86 2739.34 2643.53 2799.47 2007.19 2108.65 1955.51 2996.55 3017.26 
2758.79 2741.68 2674.89 2689.9 2702.19 2681.97 2738.9 2645.55 2803.35 2005.39 2099.95 1952.05 2992.79 3015.81 
2764.41 2741.79 2684.6 2701.24 2707.21 2688.01 2748.66 2655.46 2851.93 2007.43 2102.94 1952.34 2988.41 3011.25 
2765.36 2738.15 2688.06 2709.96 2712.05 2696.75 2753.46 2663.99 2930.47 2003.78 2084.38 1955.76 2984.6 3006.64 
2763.65 2737.99 2693.57 2714.95 2712.93 2702.95 2754.47 2672.06 3002 2005.44 2049.97 1955.18 2978.97 3004.53 
2760.19 2737.5 2702.94 2723.45 2717.85 2712.05 2755.94 2680.28 3031.5 2004.88 2021.79 1938.75 2977.56 3006.04 
2755.39 2731.04 2704.68 2728.51 2718.9 2717.85 2757.82 2685.22 3020.79 1985.09 2006.65 1935.71 2979.75 2998.74 
2746.51 2728.97 2710.2 2733.82 2724.74 2725.19 2757.79 2691.43 2995.93 1979 1998.04 1925.05 2974.32 3006.49 
2745.1 2724.81 2714.78 2740.38 2726.19 2729.88 2758.15 2696.2 2979.34 1960.53 1991.74 1915.24 2975.45 3002.85 
2740.25 2719.18 2718.88 2744.76 2725.56 2737.84 2758.89 2702.53 2988.7 1949.33 1996.69 1892.19 2973.75 3009.54 
2734.96 2719.01 2725 2755.01 2732.5 2748.7 2763.45 2713.15 2982.15 1942.14 1995.11 1882.15 2972.91 3005.15 
2728.32 2715.61 2730.91 2760.46 2731.72 2755.97 2764.5 2719.24 3035.21 1939.22 1997.15 1888.22 2972.97 2989.97 
2727.07 2709.76 2731.85 2763.61 2730.1 2758.19 2763.78 2718.84 3074.85 1941.13 1994.36 1875.86 2967.88 2997.53 
2718.71 2704.61 2739.41 2770.21 2734.15 2769.31 2764.46 2727.66 3063.55 1935.7 1998.19 1863.53 2969.25 2992.28 
2713.71 2702.44 2741.93 2778.28 2736.68 2776.05 2767.06 2735.47 3088.56 1932.04 1994.09 1860.29 2967.95 3000.15 
2705.95 2695.6 2744.49 2781.2 2734.18 2782.18 2762.29 2737.75 3084.22 1935.63 2005.89 1873.2 2967.9 3000.84 
2703.4 2692.5 2746.95 2785.11 2734.85 2791.51 2766.22 2747.2 3067.84 1936.25 2002.04 1876.1 2972.66 2991.97 
2696.8 2687.15 2751.51 2792.45 2736.72 2802.32 2766.01 2751.32 3072 1940.71 2009.9 1877.65 2968.16 3000.54 
2689.99 2680.15 2752.66 2796.72 2737.94 2806.38 2762.91 2754.55 3038.61 1943.13 2018.55 1878.39 2966.96 2996.63 
2681.56 2679.51 2756.84 2803.44 2734.34 2814.91 2762.7 2762.46 3017.9 1946.61 2021.03 1894.53 2972.91 3004.75 
2680.71 2670.64 2757.59 2809.74 2736.93 2824.1 2761.59 2764.93 3015.61 1948.19 2021.39 1887.45 2970.49 2994.57 
2669.5 2668.9 2763.71 2808.31 2737.19 2832.97 2760.69 2773.74 2993.84 1952.46 2030.29 1896.15 2968.32 2998.81 
2666.49 2668.07 2755.76 2809.53 2729.34 2827.82 2754.35 2770.07 2998.14 1956.33 2032.31 1901.09 2976.65 3007.78 
2662.01 2669.15 2753.5 2807.99 2728.07 2821.46 2751.47 2768.16 2957.47 1955.95 2042.58 1904.49 2984.53 3012.28 
2657.44 2667.91 2746.22 2802.25 2720.32 2809.72 2745.7 2759.81 2906.95 1966.78 2053.49 1925.65 2985.49 3012.95 
2657.65 2675.88 2744.3 2799.97 2717.28 2804.79 2746.51 2757.25 2886.9 1991.13 2104.18 1988.86 2984.44 3016.05 
2659.8 2677.91 2738.34 2799.66 2716.03 2795.59 2749.29 2750.51 2878.2 2028.28 2122.35 2040.89 2985.45 3017.38 
2654.34 2684.49 2735.45 2799.45 2718.46 2786.46 2752.24 2742.39 2870.86 2059.15 2131.79 2063.49 2986.61 3008.15 
2650.97 2685 2726.88 2793.96 2714.9 2774.43 2750.24 2729.26 2864.28 2087.45 2144.81 2086.39 2997.35 3008.78 
2650.57 2693.11 2723.26 2790.51 2715.84 2766 2751.81 2723.18 2863.91 2100.71 2157.64 2094.65 2998.09 3016.36 
2649.59 2699.85 2723.05 2796.01 2716.7 2760.57 2756.4 2716 2872.93 2109.56 2169.84 2090.06 2995.13 3011.43 
2646.71 2708.96 2719.5 2790.61 2719.57 2749.51 2760.68 2709.51 2870.04 2101.75 2174.54 2092.59 2993.55 3000.15 
2648.41 2711.43 2715.57 2790.69 2726.46 2744.04 2766.72 2703.19 2887.25 2099.79 2185.71 2091.81 2994.43 3016.47 
2650.76 2720.3 2712.63 2795.61 2730.06 2735.45 2774.82 2697.59 2936.45 2086.46 2199.66 2075.56 2991.95 3001.69 
2651.82 2726.26 2711.64 2791.28 2732.39 2731.3 2780.56 2692.56 2964.89 2068.72 2202.01 2065.25 2987.75 2991.06 
2650.34 2726.72 2706.14 2787.94 2732.8 2719.06 2777.59 2681.55 3029.88 2056.65 2207.2 2029.81 2993.53 3009.91 
2647.89 2734.2 2703.64 2790.06 2734.81 2710.4 2783.13 2677.41 3099.32 2032.15 2192.78 2009.47 2991.39 3004.55 
2652.53 2744.11 2703.72 2790.94 2741.05 2705.81 2789.56 2670.7 3130.2 2023.79 2157.95 1976.83 2989.72 3000.55 
2649.18 2746.5 2693.75 2782.75 2734.36 2693.29 2788.57 2659.85 3158.4 2025.47 2129.53 1963.85 2992.81 2999.81 
2655.86 2752.94 2697.3 2783.99 2741.3 2689.3 2801.91 2657.6 3112.4 2004.9 2104.96 1950.97 2990.97 3000.8 
2656.5 2758.99 2695.56 2782.19 2743.43 2684.68 2801.38 2647.88 3137.36 2006.72 2096.31 1945.78 2988.71 2994.95 
2649.5 2765.21 2687.01 2778.68 2742.16 2672.68 2798.25 2637.81 3152.34 2016.01 2093.88 1948.66 2994.15 2995.15 
2648.04 2762.29 2685.13 2775.86 2737.79 2664.94 2799.91 2638.93 3177.66 2009.78 2076.63 1949.55 2993.13 3006.45 
2656.57 2765.82 2688.03 2773.76 2743.24 2666.97 2799.14 2647.53 3283.14 2009 2068.51 1938.61 2995.39 3006.64 
2658.14 2765.01 2691.21 2771.05 2739.81 2669.59 2795.64 2651.13 3308.54 2008.04 2071.29 1949.21 2999.34 3010.2 
2668.55 2767.16 2695.61 2772.76 2748.4 2676.29 2793.2 2658.97 3359.96 2025.36 2069.72 1941 2999.03 3009.68 
2674.26 2768.21 2700.25 2771.71 2753.61 2682.32 2790.85 2670.8 3344.75 2033.01 2066.85 1956.2 2996.44 3014.41 
2681.05 2770.35 2706.06 2772.28 2759.66 2687.88 2787.54 2676.04 3295.29 2046.8 2062.93 1936.2 2998.19 3016.06 
2690 2770.01 2705.91 2768.93 2760.63 2691.21 2788.46 2684.76 3259.44 2046.69 2075.84 1949.24 2999.84 3008.89 
2696.09 2773.14 2714.59 2769.94 2767.07 2698.94 2783.56 2693.86 3262.16 2057.64 2061.01 1935.95 2991.59 3000.24 
2706.97 2774.43 2719.81 2768.13 2770.24 2706.38 2781.91 2703.91 3246.11 2066.16 2064.13 1936.08 2994.35 3007.32 
2715.9 2775.45 2724.71 2769.35 2776.59 2713.63 2781.19 2713.1 3232.75 2076.8 2057.03 1941.36 2987.41 3013.06 
2722.41 2775.13 2728.46 2767.07 2783.44 2719.46 2779.31 2723.78 3194 2071.95 2052.88 1944.97 2990.96 3002.8 
2731.16 2774.13 2733.11 2768.05 2788.29 2723.25 2780.19 2729.7 3119.6 2075.69 2051.9 1961.85 2993.24 3011.75 
2741.95 2780.74 2745.85 2766.59 2794.01 2732.59 2781.51 2742.11 3106.4 2087.09 2049.56 1973.94 2986.71 3014.47 
2754.94 2780.41 2749.24 2766.88 2795.89 2735.82 2776.22 2746.06 3100.54 2068.65 2046.75 1968.43 2989.91 3011.07 
2757.19 2778.99 2750.09 2764.4 2802.75 2741.07 2773.86 2754.89 3077.16 2061.49 2047.28 1953.16 2990.39 3012.31 
2764.65 2782.74 2759.65 2767.03 2810.26 2751.24 2775.89 2765.96 3059.47 2048.43 2040.47 1967.03 2987.89 3005.15 
2776.13 2781.45 2763.21 2762.88 2813.79 2752.91 2770.81 2771.05 3035.93 2052.15 2043.55 1965.75 2985.99 3008.41 
2783.15 2781.68 2768.81 2763.15 2820.65 2762.61 2769.65 2782.04 3023.57 2024.93 2038.88 1943.56 2981.51 3002.76 
2788.25 2782.6 2774.66 2762.44 2821.51 2766.14 2767.53 2784.97 2981.44 2010.71 2038.33 1928.1 2983.14 3010.93 
2796.66 2786.28 2782.63 2762.25 2826.78 2772.29 2764.04 2795.05 3005.44 1992.43 2033.78 1916.63 2979.35 3012.47 
2796.78 2788.21 2785.64 2762.72 2828.69 2777.21 2764.4 2800.04 3015.41 1968.29 2040.75 1896.19 2979.96 3010.1 
2795.25 2792.05 2792.39 2768.44 2829.4 2778.09 2764.25 2802.2 2999.36 1950.66 2032.56 1894.72 2974.21 3005.43 
2795.46 2791.99 2792.96 2765.24 2825.24 2777.45 2761.99 2799.05 2970.66 1946.6 2048.26 1912.95 2977.25 3011.4 
2793.63 2792.09 2795.72 2767.35 2820.24 2776.59 2764.18 2800.82 2952.59 1931.47 2053.63 1908.19 2975.99 3004.79 
2789.25 2795.32 2800.81 2772.41 2816.29 2777.26 2765.2 2800.65 2894.04 1922.11 2057.96 1912.53 2974.51 3010.63 
2786.19 2793.53 2802.41 2773.64 2807.51 2773.69 2761.75 2794.03 2858.14 1913.8 2064.11 1916.84 2979.29 3007.1 
2786.38 2793.16 2802.06 2775.22 2802.31 2773.06 2762.49 2791.55 2792.09 1906.72 2071.8 1928.89 2981.43 3009.49 
2786.34 2795.25 2807.07 2782.22 2799.61 2774.44 2764.18 2791.89 2758.91 1906.69 2077.76 1954.9 2975.32 3004.3 
2783.22 2794.74 2807.93 2782.2 2794.34 2772.6 2761.69 2784.26 2720.93 1907.47 2084.38 1953.95 2977.71 3005.03 
2778.96 2795.38 2809.25 2785.24 2787.74 2769.28 2761.68 2781.74 2725.35 1912.01 2084.32 1985.91 2981.38 3008.14 
2784.13 2799.07 2814.71 2791.74 2786.68 2770.16 2763.88 2781.74 2714.28 1914.39 2081.88 2004.94 2975.66 2996.93 
2779.11 2796.61 2814.35 2791.78 2778.09 2767.1 2760.95 2771.45 2707.35 1913.93 2085.51 2008.61 2980.47 3005.72 
2773.85 2797.13 2815.82 2794.56 2771.16 2764.8 2760.38 2767.44 2714.89 1917.26 2093.8 2023.54 2980.81 3003.74 
2776.13 2798.6 2820.09 2800.04 2766.95 2765.21 2760.86 2764.71 2715.39 1916.9 2093.07 2026.58 2980.2 3010.03 
2771.28 2800.04 2821.5 2805.32 2765.84 2765.13 2762.7 2759.11 2740 1912.59 2094.44 2035.81 2977.32 3006.72 
2770.47 2799.54 2822.13 2807.6 2758.24 2762.38 2760.88 2755.75 2728.71 1919.3 2098.39 2045.8 2982.79 2997.44 
2767.15 2797.86 2822.06 2812.11 2750.6 2759.49 2762.59 2749.8 2762.94 1919.28 2101.32 2045.7 2980.49 3008.7 
2764.71 2802.53 2828.11 2817.06 2750.69 2761.13 2765.1 2748.49 2776.57 1920.06 2098.72 2023.5 2978.24 3001.56 
2764.61 2800.51 2829.46 2819.7 2741.14 2759.28 2761.93 2741.55 2802.95 1921.58 2109.01 2036.33 2979.55 3008.2 
2758.46 2797.01 2827.68 2821.47 2732.13 2755.71 2760.07 2734.46 2825.9 1926.61 2109.14 2035.96 2982.13 3006.29 
2763.57 2796.34 2829.63 2823.38 2731.29 2761.05 2765.93 2738.9 2855.95 1930.25 2107.34 2029.96 2981.96 2998.32 
2760.15 2793.36 2824.1 2820.54 2730.7 2761.53 2768.85 2741.74 2916.55 1948.91 2095.54 2034.53 2977.35 3003.06 
2751.81 2784.36 2816.1 2813.69 2726.6 2761.07 2766.43 2743.47 2968.32 1981.81 2076.16 2021.71 2979.93 3003.26 
2753.4 2782.64 2809.7 2816.01 2729.88 2767.94 2770.21 2749.76 2980.44 1993.39 2054.76 1995.05 2978.3 3001.63 
2750.13 2777.4 2803.69 2812.46 2732.47 2772.84 2770.81 2755.72 3013.19 1990.69 2040.28 1971.86 2976.55 3002.41 
2744.54 2767.95 2791.65 2804.44 2727.75 2770 2768.1 2753.78 3050.15 2004.35 2041.86 1968.89 2980.44 3009.76 
2745.35 2765.14 2786.47 2804.1 2736.65 2780.11 2768.86 2763.78 3064.14 2005.9 2041.13 1940.55 2979.01 3009.35 
2743.47 2759.34 2779.63 2803.2 2737.22 2783.81 2772.36 2766.57 3062.21 2004.55 2032.85 1940.09 2978.7 3005.75 
2738.93 2754.05 2767.4 2793.7 2734.96 2783.47 2766.84 2769.19 3083.91 2012.39 2035.64 1938.83 2978.13 3000.28 
2740.05 2747.36 2760 2790.26 2739.25 2789.85 2770.74 2776 3074.65 2018.4 2038.72 1925.33 2981.14 3007.47 
2734.18 2741.54 2752.45 2783.4 2738.03 2793.43 2768.49 2777.6 3078.13 2025 2041.01 1920.09 2980.04 3006.7 
2734.11 2739.04 2745.71 2783.91 2742.69 2801.55 2770.19 2782.8 3057.53 2029.7 2043.49 1922.59 2978 3007.86 
2729.94 2728.53 2733.64 2774.91 2738.82 2801.99 2767.99 2786.2 3066.66 2028.78 2044.4 1929.31 2980.7 3004.3 
2731.34 2725.64 2732.1 2773.34 2748.06 2810.93 2771.31 2792.89 3044.6 2037.76 2041.88 1929.94 2977.56 3004.7 
2727.43 2719.64 2720.76 2768.72 2743.99 2811.9 2769.05 2795 3026.56 2039.51 2041.22 1931.7 2977.26 3001.89 
2722.47 2713.63 2712.01 2762.86 2743.91 2815.69 2767.47 2799.7 3039.41 2044.09 2042 1935.1 2981.7 3009.97 
2725.41 2708.84 2705.24 2763.14 2748.59 2821.5 2769.24 2806.28 2995.04 2043.94 2041.47 1967.41 2978.03 3003.71 
2722.06 2702.51 2696.93 2756.81 2748.8 2824.36 2768.43 2809.38 2945.04 2055.21 2038.47 1950.75 2979.13 3012.19 
