0 0.529835 0.83836 -4.79993 
1 2.4835 0.923051 -4.3718 
2 -0.489231 1.17379 -3.22653 
3 1.7235 1.02474 -3.38119 
4 -0.500907 1.2109 -4.93716 
5 -0.70489 1.08403 -3.41177 
6 0.573338 1.03426 -4.16298 
7 -0.643209 1.01319 -3.52224 
8 0.0605734 0.992553 -5.78986
9 2.80989 0.973848 -4.66669 
10 0.431397 1.09384 -3.23192 
11 0.0299103 0.909378 -4.04913 
12 2.62358 1.15727 -3.37115 
13 0.599746 1.22349 -6.26933 
14 0.998473 1.14769 -3.19131 
15 1.39185 0.849781 -3.29026 
16 2.30484 0.949648 -5.2559 
17 0.36775 0.841541 -3.22427 
18 -0.614621 1.01425 -3.14589 
19 -0.130767 0.833426 -3.6178 
20 -2.43864 0.930491 -5.20101 
21 0.696373 0.863462 -4.089 
22 -0.278351 1.02812 -2.42478 
23 -1.71743 1.06785 -4.57151 
24 0.313492 1.04917 -3.73739 
25 -0.433027 0.8575 -4.1242 
26 0.884883 1.02104 -3.67648 
27 -0.0581957 1.02569 -3.54125 
28 -0.206447 1.09441 -4.05344 
29 1.52413 1.23769 -4.83947 