101 8
0 0 0 0 0 0 0 0 
-0.582306 0.622796 -0.639531 0.668204 0.59298 0.597837 0.630143 0.567306 
-1.16461 1.24559 -1.27906 1.33641 1.18596 1.19567 1.26029 1.13461 
-1.74692 1.86839 -1.91859 2.00461 1.77894 1.79351 1.89043 1.70192 
-2.32922 2.49118 -2.55812 2.67282 2.37192 2.39135 2.52057 2.26922 
-2.91153 3.11398 -3.19765 3.34102 2.9649 2.98918 3.15071 2.83653 
-3.49384 3.73678 -3.83718 4.00922 3.55788 3.58702 3.78086 3.40384 
-4.07614 4.35957 -4.47671 4.67743 4.15086 4.18486 4.411 3.97114 
-4.65845 4.98237 -5.11624 5.34563 4.74384 4.78269 5.04114 4.53845 
-5.24076 5.60516 -5.75578 6.01384 5.33682 5.38053 5.67129 5.10576 
-5.82306 6.22796 -6.39531 6.68204 5.9298 5.97837 6.30143 5.67306 
-6.40537 6.85076 -7.03484 7.35024 6.52278 6.5762 6.93157 6.24037 
-6.98767 7.47355 -7.67437 8.01845 7.11576 7.17404 7.56171 6.80767 
-7.56998 8.09635 -8.3139 8.68665 7.70873 7.77188 8.19186 7.37498 
-8.15229 8.71914 -8.95343 9.35486 8.30171 8.36971 8.822 7.94229 
-8.73459 9.34194 -9.59296 10.0231 8.89469 8.96755 9.45214 8.50959 
-9.3169 9.96473 -10.2325 10.6913 9.48767 9.56539 10.0823 9.0769 
-9.8992 10.5875 -10.872 11.3595 10.0807 10.1632 10.7124 9.6442 
-10.4815 11.2103 -11.5116 12.0277 10.6736 10.7611 11.3426 10.2115 
-11.0638 11.8331 -12.1511 12.6959 11.2666 11.3589 11.9727 10.7788 
-11.6461 12.4559 -12.7906 13.3641 11.8596 11.9567 12.6029 11.3461 
-12.2284 13.0787 -13.4301 14.0323 12.4526 12.5546 13.233 11.9134 
-12.8107 13.7015 -14.0697 14.7005 13.0456 13.1524 13.8631 12.4807 
-13.393 14.3243 -14.7092 15.3687 13.6385 13.7502 14.4933 13.048 
-13.9753 14.9471 -15.3487 16.0369 14.2315 14.3481 15.1234 13.6153 
-14.5577 15.5699 -15.9883 16.7051 14.8245 14.9459 15.7536 14.1827 
-15.14 16.1927 -16.6278 17.3733 15.4175 15.5438 16.3837 14.75 
-15.7223 16.8155 -17.2673 18.0415 16.0104 16.1416 17.0139 15.3173 
-16.3046 17.4383 -17.9069 18.7097 16.6034 16.7394 17.644 15.8846 
-16.8869 18.0611 -18.5464 19.3779 17.1964 17.3373 18.2741 16.4519 
-17.4692 18.6839 -19.1859 20.0461 17.7894 17.9351 18.9043 17.0192 
-18.0515 19.3067 -19.8254 20.7143 18.3824 18.5329 19.5344 17.5865 
-18.6338 19.9295 -20.465 21.3825 18.9753 19.1308 20.1646 18.1538 
-19.2161 20.5523 -21.1045 22.0507 19.5683 19.7286 20.7947 18.7211 
-19.7984 21.1751 -21.744 22.7189 20.1613 20.3264 21.4249 19.2884 
-20.3807 21.7979 -22.3836 23.3871 20.7543 20.9243 22.055 19.8557 
-20.963 22.4207 -23.0231 24.0553 21.3473 21.5221 22.6851 20.423 
-21.5453 23.0434 -23.6626 24.7236 21.9402 22.12 23.3153 20.9903 
-22.1276 23.6662 -24.3022 25.3918 22.5332 22.7178 23.9454 21.5576 
-22.7099 24.289 -24.9417 26.06 23.1262 23.3156 24.5756 22.1249 
-23.2922 24.9118 -25.5812 26.7282 23.7192 23.9135 25.2057 22.6922 
-23.8746 25.5346 -26.2208 27.3964 24.3122 24.5113 25.8359 23.2596 
-24.4569 26.1574 -26.8603 28.0646 24.9051 25.1091 26.466 23.8269 
-25.0392 26.7802 -27.4998 28.7328 25.4981 25.707 27.0961 24.3942 
-25.6215 27.403 -28.1393 29.401 26.0911 26.3048 27.7263 24.9615 
-26.2038 28.0258 -28.7789 30.0692 26.6841 26.9027 28.3564 25.5288 
-26.7861 28.6486 -29.4184 30.7374 27.2771 27.5005 28.9866 26.0961 
-27.3684 29.2714 -30.0579 31.4056 27.87 28.0983 29.6167 26.6634 
-27.9507 29.8942 -30.6975 32.0738 28.463 28.6962 30.2469 27.2307 
-28.533 30.517 -31.337 32.742 29.056 29.294 30.877 27.798 
-28.533 30.517 -31.337 32.742 29.056 29.294 30.877 27.798 
-28.533 30.517 -31.337 32.742 29.056 29.294 30.877 27.798 
-28.533 30.517 -31.337 32.742 29.056 29.294 30.877 27.798 
-28.533 30.517 -31.337 32.742 29.056 29.294 30.877 27.798 
-28.533 30.517 -31.337 32.742 29.056 29.294 30.877 27.798 
-28.533 30.517 -31.337 32.742 29.056 29.294 30.877 27.798 
-28.533 30.517 -31.337 32.742 29.056 29.294 30.877 27.798 
-28.533 30.517 -31.337 32.742 29.056 29.294 30.877 27.798 
-28.533 30.517 -31.337 32.742 29.056 29.294 30.877 27.798 
-28.533 30.517 -31.337 32.742 29.056 29.294 30.877 27.798 
-28.533 30.517 -31.337 32.742 29.056 29.294 30.877 27.798 
-28.533 30.517 -31.337 32.742 29.056 29.294 30.877 27.798 
-28.533 30.517 -31.337 32.742 29.056 29.294 30.877 27.798 
-28.533 30.517 -31.337 32.742 29.056 29.294 30.877 27.798 
-28.533 30.517 -31.337 32.742 29.056 29.294 30.877 27.798 
-28.533 30.517 -31.337 32.742 29.056 29.294 30.877 27.798 
-28.533 30.517 -31.337 32.742 29.056 29.294 30.877 27.798 
-28.533 30.517 -31.337 32.742 29.056 29.294 30.877 27.798 
-28.533 30.517 -31.337 32.742 29.056 29.294 30.877 27.798 
-28.533 30.517 -31.337 32.742 29.056 29.294 30.877 27.798 
-28.533 30.517 -31.337 32.742 29.056 29.294 30.877 27.798 
-28.533 30.517 -31.337 32.742 29.056 29.294 30.877 27.798 
-28.533 30.517 -31.337 32.742 29.056 29.294 30.877 27.798 
-28.533 30.517 -31.337 32.742 29.056 29.294 30.877 27.798 
-28.533 30.517 -31.337 32.742 29.056 29.294 30.877 27.798 
-28.533 30.517 -31.337 32.742 29.056 29.294 30.877 27.798 
-28.533 30.517 -31.337 32.742 29.056 29.294 30.877 27.798 
-28.533 30.517 -31.337 32.742 29.056 29.294 30.877 27.798 
-28.533 30.517 -31.337 32.742 29.056 29.294 30.877 27.798 
-28.533 30.517 -31.337 32.742 29.056 29.294 30.877 27.798 
-28.533 30.517 -31.337 32.742 29.056 29.294 30.877 27.798 
-28.533 30.517 -31.337 32.742 29.056 29.294 30.877 27.798 
-28.533 30.517 -31.337 32.742 29.056 29.294 30.877 27.798 
-28.533 30.517 -31.337 32.742 29.056 29.294 30.877 27.798 
-28.533 30.517 -31.337 32.742 29.056 29.294 30.877 27.798 
-28.533 30.517 -31.337 32.742 29.056 29.294 30.877 27.798 
-28.533 30.517 -31.337 32.742 29.056 29.294 30.877 27.798 
-28.533 30.517 -31.337 32.742 29.056 29.294 30.877 27.798 
-28.533 30.517 -31.337 32.742 29.056 29.294 30.877 27.798 
-28.533 30.517 -31.337 32.742 29.056 29.294 30.877 27.798 
-28.533 30.517 -31.337 32.742 29.056 29.294 30.877 27.798 
-28.533 30.517 -31.337 32.742 29.056 29.294 30.877 27.798 
-28.533 30.517 -31.337 32.742 29.056 29.294 30.877 27.798 
-28.533 30.517 -31.337 32.742 29.056 29.294 30.877 27.798 
-28.533 30.517 -31.337 32.742 29.056 29.294 30.877 27.798 
-28.533 30.517 -31.337 32.742 29.056 29.294 30.877 27.798 
-28.533 30.517 -31.337 32.742 29.056 29.294 30.877 27.798 
-28.533 30.517 -31.337 32.742 29.056 29.294 30.877 27.798 
-28.533 30.517 -31.337 32.742 29.056 29.294 30.877 27.798 
-28.533 30.517 -31.337 32.742 29.056 29.294 30.877 27.798 
-28.533 30.517 -31.337 32.742 29.056 29.294 30.877 27.798 
